S_ori:0.725
S_sem:0.75
S_con:0.65
S_ori_sem:0.725
S_ori_sem_con:0.575
S_overall:0.7083333333333334
W_ori:0.6875
W_sem:0.65625
W_con:0.46875
W_ori_sem:0.625
W_ori_sem_con:0.375
W_overall:0.6041666666666666
